INDEX NOMINUM

walterus Clericus (1511111515, 456.
1165115615 1111115111, 274.
walterus 111165 Α151, 257.

115115165 filius Andreae Moberd,

1151151551111115 1151511111, 127.
walterus 1111115 (filberti, 115.
115115165111165 Godefridi, 1, 23.
115115165 111165 Helenae de Pape-

1151111, 425.
1151151115 111165 Η5111151, 446.
115115165 111165 Η611111111, 449.

· 115115165 filins 1511561115, 405.

115115155611115 11561151, 218.
11511516561165 osberti, 115.
115115165 111165 Radulphi, 345, 506.
1151151115 111165 Radulphi de Hun-
5151155551, 240115.
walterus 111165 11155161, 546.
11511511156115511515111 filii Syme·
Walterunsm’ffliljsss'swain, 115
115115165 filius Thomoe, 132.
115115165 filius 11511511, 286.
1151151656116511511511115815551511,
6655191156115151555551.
115115165 filius willielmi de 15 151,
115115550611651151115, 253.
1151151115 115151 Η5111151 Η5615111,
6555121551 1556111 de Lan-
1151151111Μ55115551155 115315, 413.
115115165 pater 1511516115, 21.
walnerus 8511156565 0116651155,
115115111141455511115 115, 57 bis.
11511511161151151165115, 100, 258.
1151111511, Hny de, 264.
1151111511,Η51111115511555115115,330.
1151111561, Prior et Conventus de,
11511115113211535 165 115, 394.
1151111513ὁ 2Τ511511155 de 5111111115 de,

747

walthef ρ5151Α15115111111 de Chau-
115115511, 79.
115115311151151115, 551.
1151111516, 1155511115, 496.
1156115511, 0115 115, 414.
1156115515111, 1115511165115, 18.
1151151511, Η51111565115, 450.
1153561111, 16115115 uxor Ricardi
de, 64, 80, 139.
1153551111, 1115511165 115, 64, 80,
11515115, Comes, 535.
1151561155115116131165, 457.
1151651156, willielmus 115, 217,

11511111ηωῖ1115515115, 449.
1151565155111115111165115, 448.
1151651515, 11515165 115, 558, 562.
11511156,81111511 de, 300.
11515115, Comen 551 Comes de, 293,
366, 444, 459, 460, 535.
11515511, (1115111115, 172.
11515611 vel 1151511115, 1161151655
115, 92, 227, 387, 390, 391,
403, 418, 424, 425.
11515511, W. 0511155, 299, 372, 377,
399, 401, 422. ’
1151511115, 1411515 comitissa, 239,
276, 333 “
warenn, 0511155, 3, 239, 258,
11515615, comitissa, 259, 293.
11515615, (1511511115, 276.
11515615, 1151111565 Comen, 506,
1151551515115111155115, 439.
1151561515115115115, 356.
11515615, Leo 16111565 115, 246,
1151511115, pueri Comitis 5114115115
0511111555, 239.
115151153155111115115, 82, 255.
11515115, W. 0511155, 333.
11515615, 11515151665 Comes, 119.
1111151115, 1155555155 5111155555155
115, 240, 244, 309, 319,
502, 587, 600.

 

