716 INDEX NOMINUM.

1166616610661,61166161166, 45011666161166 611661166661, 21.
11666166166Β61661166111666161166 1166166666116161166611116616111, 6.

61166, 346. 1166616666 frater 11166161 66116-

1166616121666016166, ,1116111666 611116, Radul 111611111ἢ8326. Bm Ιρὴυά
. us 161 6 1
Β666166166Η66616666666116116· Ι616666161ιί 6111 11666111,

1116 61166, 240 611. 337, 369.

1166111661 66 16116, Simon filius, 1166616 666 Monachus, 604.

247, 277. 1166616666 66161 11666616 Barduli,
1166166111 66 Μ61161666, 1161161166 472.

· 61166, 423. 1166616666 66161111661616611116-
1166616111 66 16116166, 11666166 1661616, 541. ’

61166, 166. 1166616666 Ρ666661166, 306, 408.
1166616111 66 11661611, willielmus 11611661, 1111661666 61166, 343.

6666, 246. 11661611611, pavia de, 165.
1166616666 Β61666616 66 Sancto 1166166 vel Rameseya, Monachi (16,

Ρ1111661661611, 362. 17, 396.

1166616666 Camerarius, 262 1161666666, 1116616611 66, 97.
116661666606666666666066289. 11661666, 1111116166 66, 451.
1166616666 (16 8611616166Μ666161, 11666166, Willielmus de, 65.

174. 1111161616, Willielmus de, 152.
1166616666 filius Bemardi, 468, 116166661οῆ, Η66ο 66, 75.

515, 519. 116616661οῆ, Robertus de, 75.
1166616666 61166 Β11661 611Β11661, 116666161166 61166 Η661161, 569.

406, 410. 1166661661, Β61661666 61166, 448.
1166616666 61166 61 1116166 Β11661 66 1166661616 vel Ranulphi 6111 116-

Τ16166, 257. berti, 1166616666 frater,
1166616666611661166, 447. 337, 369.

1166616666 61166 (16611161, 75. 1166661661, haeres Willielmi 6111
1166616666 61166 1611116616, 457. 11666111 6111, 192.
1166616666 61166 Μ6111, 166. 116666166116116666661166, 518.
1166616666 61166 Μ616161111, 161. 1166661661, 1116111666 61166, 167.
1166616666 61166 Ν1661, 359. 1166661616, 1161161166 61166, 343.
1166616666 61166 Ρ6111, 63, 541. 1166661661, Willielmus 61166, 45,
1166616666 61166 1166616111, 282, 61, 158, 525, 547.

319, 489. ‚ 11666616666 Comes 06611, 506,
1166616666 61166 1166616111 66361- 512, 520, 527.

6611661, 346. 11666616666 vel Ranulphus filius
1166616666 61166 11166161, 282, 375. 11666111, 831, 337, 368.
1166616116661166 11666111, 155. 11666616666 Ρ116166011666111, 314.
1166616666 61166 1166611, 145, 206. 11661111, Germanus de, 451.
1166616666 61166 Simonis, 584. 1166161, walterus, 451.
11666166666116681666661151,534. 116661, 1161161166, 447.

1166616666 61166 866661, 24116111116661, (16161666 66, 46.
116661666661166111111161611, 135, 203. 11616616, 61166 16116666 uxoris

116661666661166111111161161 Η6116· Willielmi Gringete nepos
66611, 302. 11166116, 192. ’ '³

 

