Ι696 INDEX NOMINUM.

Braosa 0111812022, 8001212112 02,3, 8112222 filius Radulphi, 164, 399,

77, 81, 94, 95, 99, 198, 189, 406, 410.

224, 229, 22211, 272, 212, Brianus filius Radulphi, pater
¹ 318, 334,381,385,458, 460. Radulphi filii Briani, 406.

8122211, 80521122 02, 949, 981. 8112112, Homines 02, willielmi
81221, Willielmus de, 46. 812201, 946.

Bray, Margareta uxor Rogen' de, 8112112121, 8221221211 02, 958.

137. 8112012101, Thomas de, 6.
812Ῠ,8202111112202,164,178 8112122 Camerarius, 731112.

81211, Rogerus de, 137, 461, 463. 811021121, 81122 02, 944.
Bray, Willielmuo de, 463. 81101201, Alexander de, 155.
81211211 1121111222 02, 363, 413, 8110112100, 0220212102, 69, 88.

448. 811211, 8201111122, 953.

81211101, Η221121202, 363. 81122, Galfridus, 111121 Brieni
812102080112112202, 983. 80211210, 181.
812221 vel 8122212, 8211122112 02, 811222211, 1011112122 02, 199.

591, 589, 584, 586, 587, 8112221111, 8011211112 02, 979.

597, 601, 605. Brieni filii Radulphi, Gunnora
8121121, Willielmus de, 3. uxor, 399.

81211101, 8221122202, 448. Brieni 8012212111, 10112222 uxor,
Breilles‚ 821121122 02, 976. 550.

81211011, 1120212202, 331, 370. 811221 0118111121, Radulphus filius,
8112211212θί, 101102, 457. 406, 410.

8121111221οῆ, 00002, 154. 8112111, 801121122 filius, 941.
8121212, Elias de, 449. 811222261122 Alani, 319, 371.
812212, Eda, 54. 8112222 filius Radulphi, 164, 399.
81221011, 81221022 11212110122212 8112222, 8012212022, 550.

02, 954. 811ξ,8)0112111122, 459.

8122110, 11120102, 450. 81131121, willielmus, 545. (0.811·
8120222, Willielmus de, juveniS, 1121.)

198, 460. 8101211210, canonici 02, 114.
81212ξ, 8011122022, 455. 8111122210,421121111121 Anketifi 02,
8121, Adam 12, 556. 47.

8121, Simon le, 177, 916. 8112122102, Ρ21122 02, 58.
8121, Willielmus le, filius Simonis Brimigestofi, 8011112022 02, 107.

128121, 177. B ⁹ 221211, 10112222 02, 107.
8121011, Philippa quae 1211 21101 8000,Ἤο1121112202, 410.

8211211112, 49. 8112211111, 1101121122202, 91.
8121011, 8002112212, 49. 8112221212, (1211002202, 958.
8121011, Thomas le, 444. 8112100, 8201111 02, 564.
8121121101 Guido 121 Wido de, 931, 8112100, Burgensea 02, 159, 361.

973, 974, 9891112. 81121011, Οοῃ212010211120246,179,
81211210111101212122 de, 180, 187. 193998415,584,597,598.
8121110, Willielmus 02, 88. 8112100, Laurentius de 82002102,
81211222, 8122101202, 53. 369.

811221, 0022222 filius, 163. 81121011, 10222 1101222 02, 997112
8112212 filius Alani, 312, 371. 81121011, 110121, 400.

 

