713 INDEX NOMINUM.

Rex Henricus secundus, 39191Ι 11199161, Adam 611119, 598.

1193191963111119, 6, 7, 8, 9, 11193161, 4139996119, 394.

ll, 14 13, 16, 21, 23, 50, 11199161 11161111, 9991119119116111,

53, 54, 77619, 84, 110, 93, 546.

9419, 93, 191, 119, 139 aicardi, Alexander filius, 149.

119, 125, 130, 146, 171 11199161, Alicio 6119, 365.

bio, 173, 260, 263, 267, 11199161, Alicio 69 11969 Aqua uxor
. 253, 325, 333, 393, 413, 11339 filii, 232.

425, 426, 562. 11199161,Ε1191991119 filino, 164
Rex 0., 384. 11193161 6111411911, 413999 uxor,
Rex Portega1‚ pater Comitissae 204.

1113961131, 37. 11199161 6111 Β916911191, 1119111116
Rex 111991699, frater 119319 Jo- 199191, 548

hannis, 1, 3, 5, ’7, 8, 12, 11199161 6111 1969111119, 19639119

14, 16, 17, 18, 19, 21, uxor, 36.

22, 25 19, 27, 29, 30, 31, 199191 91111191, Petms 3199331.

33, 37, 33, 43, 42 99, 43, 1994311311 1919919149, 352

47, 50, 53, 55, 57, 55, Ricardi 9111113199, Robertus de

68, 70, 72, 83119, 84, 86, Β1113119111 poter, 256.

33, 93, 193, 117, 119, 1113391 911 113391, 3111, 325.

121, 143, 147, 157 oo, Ricardi filii Rogeri, 6119 prImo-

11119, 175, 191, 193, genita, 113.

187, 190, 204, 213, 214, 11199161 6111 1193911, Μ91391913

255, 270, 271, 272, 386, Banoot1quoe fuit uxor, 213.

337, 414, 433, 444. Rieardi 911 Rogeri, tres filiae, 116.
Rex Scotiae oel Scotorum, 34, 91, 11199161 6111 1193911, uxor quae fuit,
Reymes vel 11911199, 11939199 69, 11199161, Fuleo 61199, 149.

16, 134. 11193161, Goufridus 611119, 340.
1193111, Willielmus de, 226. 11193161, Η99119119 filius, 338, 534.
1113, Gillebertus filius Willielmi de, 11193161, Η939 61199, 333.

87. 11199161, 1911991199 61199, 40, 134,
1113, junior 6119 Η969111 69, 14. 241, 459.

1119 991 Rye, Thomas de, 154, 11199161, Μ91 1919 6119, 203.

370. 11193161, ulphus 611119, 282,
Bia, willielmus 69, 87. 375.

1116691916, Symon de, 144. 11199161, 1119916119 61199, 134, 241,
1116911911, 6119 Η9111191 69, 115, 399, 454.

1123. 11193161, 119691199611119, 10, 20,
1116911911, frater et 199191 61119 76, 135119, 218, 282, 318,

Η911119169, 124. 338, 499, 512, 525, 534.
1116911911, mater 11969111 69, 115. 11199161, Simon 61199, 488.
1116911911, 1196911119 69, 115. 11199161, Τ691999 61199, 63, 150,
Ribof, 19369119 uxor Walteri 69, 7. 155, 232, 462.

Ribof, walterus de, 7. 11193161, Wolterus 61199, 546.
,11161115 vel 11111913, 11939199 69, 11193161, Willielmm 61199, 280, 352,
523, 532. 387.

 

