724 INDEX NOMINUM.

Rogeri, 5110 11100151 5111, 395. 11030101 Decanus de 1011101011,
1103011 5111 willielmi, Hawena 104.

uxor, 170. 11030101 filius Adoe, 940, 363,
1103011, (1100111501 51100, 940. 379.

1103011, lvo filius, 545. 11030101 51101 Adae Vicecomes
1103011, 1011001101 51101, 377, 538. 80110101, 389, 391, 409,
1103011, Μο1301010 Banasti· quae 447.

1011 uxor 11100151 5111, 913. 1103010151101 5111031, 537.
11030111105013110151101, 145, 906. 1103010151101 Alexandri, 450.
1103011, 1110111501 51101, 116, 117, 1103010151101 Ε5110, 194.

913, 945, 984. 1103010151101 111011, 349.

1103011, 1110015οε 51101, 30101 Μο- 1103010151101 (1011115150 Τ1000011,

11111500 80110111, 359, 353 544.

bis. 1103010151101600111515030501οξ1
Rogeri, 1101101101 51101, 14, 74, 81.

110, 115, 939, 330, 331 11030101 51101 (1010151, 94.

bix, 341, 379, 378, 387, 11030101 filius Godwini, 976,

496, 497, 441, 458, 469. 464.

1103011, 11030101111101, 377. 11030101 51101 Ηο111101, 93, 315,
1103011, 11030101 51101, 110101 Wil· 316, 339, 450. ¹

lielmi (10 (1101, 441. 1103οω151101 Ηο301111, 984. i
Rogeri‚ Simon filius, 974. 11030101511011011001111, 534.
1103011, ’1110011 51101, 915. 11030101 51101 Μο011111, 947.
1103011, uxor quae 1011111001ἀί filii, Rogerus filius Milonis, 463.

116. 11030101 51101 Nichoi vel 111001,
1103011, Willielmus 111101, 153, 446. 179, 511.

Rogeri, Willielmus de (11οὅ 5501, 1103010151101 01110111, 910, 931.

441. 1103010151101 Ρο30111, 973, 449.

, 1103011Τ1101, 11100150151101, 501. 1103010151101 1105013111, 158
11030115063101113,1103010151101, 11030101· 51101 1105013111 50 Totin-

963. 1011100.

Rogeri 50 1101110101, 1101101101 11030101 51101 11011015, 310, 537,

111101, 440. 540.

110301150 Ρ111111011, 1101101101 51101, 11030101 51101 Roberti 5000111011,
Rogeri 50 11000103, Willielmus 5· 11030101511011103011, 377. ⁸

lius, 543. 11030101 51101 1103011, 1101011111-
11030101 0101100101 11050111 50 110110150 (1105, 441. ·

Το5011101, 19. 11030101 51101 01 1100101 Rogerl
11030101 capellanus, 955. Βο15011, 579. ¹
11030101 Clericus, 355. 11030101 511011103011 (1001111011
11030101 Cirographarius, Magister, 963.

. 441. 1103010151101 81110111, 455.
11030101, Comes, 13, 65. 1103010151101 Stephani, 444 .
ngerus Constabulariu& 56· Rogerus filius Terrici Aurisabn (11
11030101 constabularius Cesti, 57, Cani, 517.

. 74, 199, 494. 11030101 51101 Το111111, 313 ⁴

 

